1.330000000000000071e+01
1.867999999999999972e+01
8.598000000000000398e+01
5.517000000000000455e+02
9.461999999999999578e-02
9.096999999999999531e-02
6.153999999999999748e-02
3.341000000000000220e-02
1.791999999999999982e-01
6.147999999999999993e-02
3.236999999999999877e-01
1.094999999999999973e+00
2.286999999999999922e+00
2.471999999999999886e+01
6.380000000000000254e-03
2.042000000000000065e-02
2.614999999999999963e-02
1.110000000000000049e-02
1.872000000000000053e-02
3.210999999999999879e-03
1.497000000000000064e+01
2.521999999999999886e+01
9.767000000000000171e+01
6.866000000000000227e+02
1.308999999999999886e-01
2.101000000000000090e-01
2.263999999999999901e-01
9.861000000000000321e-02
2.827000000000000068e-01
8.006000000000000616e-02
