4.035000000000000142e+00
5.414999999999999147e+00
2.865000000000000568e+01
3.473000000000000114e+02
1.872500000000000553e-02
6.840999999999999859e-02
1.030299999999999966e-01
5.355499999999999150e-02
3.395000000000000795e-02
8.454999999999990301e-03
2.329499999999999904e-01
6.048000000000000043e-01
1.617500000000000160e+00
2.555499999999999972e+01
2.992999999999999133e-03
1.956500000000000600e-02
2.744499999999999718e-02
6.954000000000000112e-03
8.009999999999998024e-03
2.281000000000000909e-03
5.354999999999996874e+00
8.644999999999996021e+00
4.039500000000001023e+01
5.150499999999999545e+02
3.165000000000001146e-02
1.966500000000000192e-01
2.706500000000000017e-01
9.717000000000000637e-02
6.824999999999997735e-02
2.101999999999999702e-02
